0.000000000000000000e+00 9.916839204057067425e-01 5.332818799198481979e-02
1.111111111111111049e-01 1.183667840440161712e+00 5.339559646742838422e-02
2.222222222222222099e-01 1.310862148961057017e+00 5.366783326382672248e-02
3.333333333333333148e-01 1.193174867265999639e+00 5.435097493883071090e-02
4.444444444444444198e-01 1.265354130824580148e+00 5.576995501488732354e-02
5.555555555555555802e-01 1.234277634100806154e+00 5.832636573698059268e-02
6.666666666666666297e-01 1.067204799568996387e+00 6.242706729257353759e-02
7.777777777777776791e-01 7.113706894723520469e-01 6.840334070620925078e-02
8.888888888888888395e-01 5.111625429539546905e-01 7.645872257082597656e-02
1.000000000000000000e+00 1.360838209996238390e+00 4.666811165343753287e-01
